image_width: 1440
image_height: 1440
camera_name: camera2
camera_matrix:
  rows: 3
  cols: 3
  data: [1.000009838742775, 0.001416922079250559, 717.2411230565388, -6.489123861953316e-06, 1, 728.3280675058869, 0, 0, 0]
distortion_model: taylor
distortion_coefficients:
  rows: 1
  cols: 4
  data: [314.3875034751185, 0.0001324128023406501, -4.237605947519796e-07, -4.584131938442028e-09]
rectification_matrix:
  rows: 3
  cols: 3
  data: [0.1273971120803505, 0.02875536418854316, -0.9914348717207538, -0.04085190210268702, 0.9988835705166116, 0.02372202872032718, 0.9910101401742383, 0.03747988236908503, 0.1284295935110821]
projection_matrix:
  rows: 3
  cols: 4
  data: [0, 0, 0, -0.0492270218479299, 0, 0, 0, 0.01017520086944631, 0, 0, 0, -0.07349004218819301]