image_width: 1440
image_height: 1440
camera_name: camera2
camera_matrix:
  rows: 3
  cols: 3
  data: [1.006701475098761, 0.01035193791400087, 718.1040868181155, -0.001617952065621599, 1, 727.6533929351339, 0, 0, 0]
distortion_model: taylor
distortion_coefficients:
  rows: 1
  cols: 4
  data: [298.1723700965125, 0.0005805094675078201, -3.868975990148841e-06, 3.131197430452293e-09]
rectification_matrix:
  rows: 3
  cols: 3
  data: [0.9987616119049113, 0.04945098757358627, -0.005462820986354405, -0.04920185926857417, 0.9980300491302683, 0.03892554530799502, 0.007376966154722306, -0.03860855942670971, 0.9992271811301732]
projection_matrix:
  rows: 3
  cols: 4
  data: [0, 0, 0, 0.1680176146427352, 0, 0, 0, -0.006229422355070237, 0, 0, 0, 0.001645471899652652]