image_width: 1440
image_height: 1440
camera_name: camera1
camera_matrix:
  rows: 3
  cols: 3
  data: [1.006701475098761, 0.01035193791400087, 718.1040868181155, -0.001617952065621599, 1, 727.6533929351339, 0, 0, 0]
distortion_model: taylor
distortion_coefficients:
  rows: 1
  cols: 4
  data: [298.1723700965125, 0.0005805094675078201, -3.868975990148841e-06, 3.131197430452293e-09]
rectification_matrix:
  rows: 3
  cols: 3
  data: [0, 0, 0, 0, 0, 0, 0, 0, 0]
projection_matrix:
  rows: 3
  cols: 4
  data: [0, 0, 0, 0, 0, 0, 0, 0, 0, 0, 0, 0]