image_width: 1440
image_height: 1440
camera_name: camera2
camera_matrix:
  rows: 3
  cols: 3
  data: [1.006701475098761, 0.01035193791400087, 718.1040868181155, -0.001617952065621599, 1, 727.6533929351339, 0, 0, 0]
distortion_model: taylor
distortion_coefficients:
  rows: 1
  cols: 4
  data: [298.1723700965125, 0.0005805094675078201, -3.868975990148841e-06, 3.131197430452293e-09]
rectification_matrix:
  rows: 3
  cols: 3
  data: [-0.9336558205170989, 0.02150263652320709, -0.3575254472580867, -0.01632533368298982, 0.9946040762736092, 0.1024510367934143, 0.3577992346200268, 0.1014907290468313, -0.9282668472065991]
projection_matrix:
  rows: 3
  cols: 4
  data: [0, 0, 0, -0.005024254006198844, 0, 0, 0, 0.03420761544965851, 0, 0, 0, -0.04439744696306643]